.Random.seed <-
c(403L, 10L, -551830630L, -1297090587L, 32482175L, 1742660358L, 
-826176368L, -504873677L, 278764241L, 980549760L, 82549086L, 
-1980002647L, -1837786789L, 747352938L, -1344095732L, 1381247567L, 
-1245362427L, -683569220L, 1409002130L, 127742349L, 171252167L, 
-1225200978L, 1334436616L, 1375461643L, 373612521L, 1233717432L, 
2131050342L, -970863615L, -1491101037L, -324801214L, 1443488500L, 
2036813559L, -1843310867L, -1836811900L, 1480685482L, -1990759147L, 
-1138440273L, -1835194442L, 1580858848L, 1643779363L, -817411519L, 
1247044912L, 1630027598L, -1782372935L, 1674983371L, 92523642L, 
-1206809220L, 753558975L, -1213136235L, -413286228L, -1513862526L, 
-671858083L, 1239274839L, 1957107774L, 1297562744L, 319440731L, 
260752057L, -675266808L, -371518026L, 2074258161L, -957342429L, 
1300371314L, 104240580L, 1442401671L, -1291894947L, -881176236L, 
-150600838L, 495194821L, -1680534497L, -166853722L, 876827952L, 
-684189741L, -1012877839L, 673440544L, 1266322878L, 868509129L, 
-442738309L, -1673355446L, -1725685844L, -1191106897L, 662262885L, 
-215469028L, -1720903054L, -1615782675L, -1219418841L, 1901769038L, 
2063032744L, -146631253L, -954356023L, -1265985832L, -1141015674L, 
12209761L, -1112451085L, -1708160414L, -1602106156L, -1376375337L, 
-257226803L, -1758252188L, 1066456906L, 1072066229L, -1933146609L, 
1535440662L, 475615680L, 621179267L, -1223891039L, 267110288L, 
1753455726L, 992774681L, 1142403755L, -958347622L, 768610908L, 
-1687220385L, 1585160501L, 783139020L, 598985250L, 924673149L, 
-1668743817L, -556731746L, 175120728L, 1560754363L, 1364837977L, 
758838760L, -1725190122L, -430982255L, -1596308413L, 1879292754L, 
-859463708L, 118767143L, -1912727939L, 1957103476L, 329284442L, 
1926712741L, -776869441L, 667664966L, -1548037936L, -759633165L, 
-506377199L, -1765426624L, 1876106782L, 2115614953L, 1276156443L, 
-1836234198L, -654598836L, -2101231857L, 990274117L, -81099780L, 
376142418L, -1064867891L, -97316473L, -1499618194L, -252183480L, 
-431823285L, -474621015L, 546755320L, -1436387802L, -866128063L, 
183186643L, 2030278786L, -1284008268L, 954454583L, 1403722029L, 
1217133124L, -955512982L, -1826745387L, -2056673937L, 1699700854L, 
-1400075360L, 782445667L, -888268543L, -297495440L, 1987710990L, 
-191786887L, 915263499L, 971088186L, -456998852L, -1849645185L, 
519191765L, -893902612L, -1177822654L, 1291091357L, -1708373993L, 
-2035724930L, 1983853368L, 938814491L, 209016185L, 334332872L, 
1039478774L, -1398255055L, -596007837L, -754185166L, -436041340L, 
1294839751L, -1037589859L, 1928643092L, -2144685894L, 1621892357L, 
-1099061537L, -2060768410L, -1087976720L, 1457429011L, -235605071L, 
-1677058464L, 572247038L, -726125687L, 400168123L, 197120138L, 
-561958036L, -1686439697L, -1608183003L, 1059560924L, -807056462L, 
-1500892499L, -422524313L, 231938446L, -235114904L, 1752955499L, 
-588065783L, -1955820904L, 2064182726L, -168219359L, 708165043L, 
-230278878L, 1501688596L, 2119527319L, -149916787L, 582905508L, 
643022986L, -2011126027L, -1687283377L, -292755716L, 687783828L, 
2025071426L, -1428973056L, -1820483012L, 878483024L, 1264243362L, 
-2033226936L, 221493772L, 1875004636L, -2107612590L, -1881048960L, 
-743351468L, -1180143128L, -1672779014L, 1667692368L, 2002437164L, 
-399059596L, 704892562L, 1138661984L, 1321980556L, -654701728L, 
1032426210L, -572852056L, 707383500L, 871952892L, -234561614L, 
1003574768L, 77213124L, -780294312L, -2121426054L, 375029168L, 
424354236L, 1642319956L, -775769150L, 578048800L, 456300476L, 
-267095472L, -29508126L, -957202072L, 804744524L, 516641020L, 
1503109874L, -1931862272L, -1359987084L, -1908862968L, -354754118L, 
1397243856L, -924591636L, 1885820820L, 1724252882L, -680657312L, 
265446732L, -1450777312L, 936577666L, 2038684136L, -1724915732L, 
-838040004L, -1785039246L, -898192528L, 1869453604L, -2038345160L, 
-1233393254L, 645790160L, -1146575428L, -376096620L, -549612414L, 
307578304L, 1648241468L, 1371548816L, -1779201246L, -1467591160L, 
363353356L, -1773779556L, -246735342L, 589802368L, -1067891948L, 
64553256L, 979919930L, 1018629072L, -2116547988L, 1280623156L, 
-873674094L, -1868028576L, 64371020L, 1683089376L, -2069006942L, 
648873384L, -960264564L, -1561928260L, -1768358286L, 1415476208L, 
-1633161660L, 572809304L, -1725863878L, 901361776L, 136353852L, 
-46120684L, -1532288318L, -680253728L, 161953916L, -1914964272L, 
-1005520478L, -1343334360L, 584919820L, -156309060L, 1467261746L, 
3844800L, 1614990388L, 1881726664L, 749843642L, -203426160L, 
1992699628L, -1094616492L, -1432231278L, 313157920L, 1852969420L, 
-1497111840L, 952582338L, -749671384L, -1399048276L, 1657875132L, 
-767640590L, -888752592L, -1180397660L, -489566792L, -302532774L, 
-341593968L, 1754999676L, -362225388L, -1724905150L, -1213697792L, 
-557777476L, 1461748048L, -143599326L, 652614216L, 402518028L, 
-1431533988L, 1667262930L, 639145472L, -361388716L, 1998400744L, 
904196346L, 494929616L, 838691628L, 973254900L, -195397230L, 
861109600L, -1998316532L, 903372000L, -933555614L, -505445208L, 
-966255540L, 595576700L, 1304647986L, -1763818896L, -637516988L, 
-1054284840L, 954561402L, -2113152976L, -1585991748L, 1266266708L, 
-1638363070L, -2030039392L, -1873788228L, -877335600L, -1096696478L, 
976129768L, 311782604L, 1413997052L, 503397874L, -301980544L, 
-1726371340L, 504547976L, 424975162L, 760876368L, -796242836L, 
-508602988L, -458850222L, 1983061472L, 1451054284L, -1298841952L, 
1041822082L, -1831999256L, 974555884L, 1885824316L, -1777971086L, 
1374220912L, -1932199388L, -1323521992L, -1232901862L, -97540912L, 
-558372548L, -491334764L, -486930558L, 1091136448L, -2060126660L, 
-1515511408L, -1696155614L, 839734536L, 22521996L, 85651228L, 
1402541202L, -1033546368L, -999866348L, 1940768552L, -112769478L, 
-2130669104L, -985581204L, 769770420L, -1555461614L, -794286112L, 
-1937397300L, -1069582112L, -703214558L, 488092456L, 2112346636L, 
132084540L, 255995890L, 237036272L, 644422212L, -839500200L, 
-1136085190L, -1484845072L, 2023727804L, 2113238292L, -1778434878L, 
1496607946L, 972568552L, -568785711L, -582610749L, 804919236L, 
799880306L, -1785795257L, -1999617775L, -1706072938L, 1155078644L, 
1714875269L, -377429297L, 32800712L, -1472014746L, 800831635L, 
197535733L, -363462190L, -829216224L, -751582199L, 1794750779L, 
-2084664180L, -1541199590L, -946081905L, -616451879L, -967385234L, 
384026364L, 1687839853L, 1600585751L, -472639008L, -381065794L, 
1804528523L, 788773901L, -1120916422L, 1917222008L, 425662497L, 
544289491L, -1006509580L, -39892350L, 67381015L, -1856033311L, 
-2045508826L, 455958052L, -162674475L, -97884033L, 467184920L, 
-1787222986L, 2057087683L, 568674053L, 1292565154L, 416569488L, 
-2115729351L, -1315686165L, -42018340L, -87326710L, -1499685121L, 
469028681L, 1006839006L, -1026172276L, 2095509085L, -1770007449L, 
-666838640L, -729601618L, 682282075L, 210799677L, 1202807466L, 
-531718328L, 1920119665L, 91788515L, -817570844L, 1560611602L, 
681510631L, -788557647L, -1544264970L, -1359682284L, 1912265253L, 
444417839L, 567449832L, 453515718L, -171714445L, 1216099029L, 
158748850L, 181941376L, 217630825L, -1803344677L, -576755668L, 
765859898L, 1321875183L, 1429993849L, 677062158L, -1117157412L, 
1750233165L, 1723872183L, 1441484096L, 189131806L, 598424299L, 
48362093L, -569556262L, -1932248424L, 68851969L, -22085965L, 
-1457391148L, -913270558L, 1848213879L, -1577164607L, -182453178L, 
-263986300L, -772664011L, 30823199L, -199682440L, 1658948438L, 
-276196893L, -1244010587L, -1656822206L, -941700048L, 581267545L, 
875347403L, -1328951748L, -800649110L, -90256737L, -371845335L, 
105089982L, 1501043372L, 113919997L, -2067386553L, 517001264L, 
-1280558770L, 1757192571L, -1828350243L, -2099769590L, -724253144L, 
1910361745L, -1519384957L, 1260656516L, 1676316082L, 2066588423L, 
488298833L, -1399013162L, -2136093260L, -2052830779L, 753535247L, 
